4970.8
4962.0
4962.0
4962.0
4962.0
4943.1
4927.2
4927.2
4927.2
4921.2
4921.2
4863.4
4863.4
4804.8
4804.8
4804.8
4768.1
4768.1
4768.1
4768.1
4744.8
4744.8
4688.1
4676.0
4676.0
4676.0
4676.0
4668.1
4668.1
4664.6
4664.6
4664.6
4624.9
4624.6
4612.7
4592.8
4592.8
4592.8
4592.4
4592.4
4587.9
4587.9
4571.6
4571.6
4571.6
4571.6
4571.6
4535.3
4520.8
4520.8
4520.8
4520.8
4520.8
4510.8
4489.5
4409.6
4409.6
4409.6
4409.6
4409.6
4409.6
4367.7
4345.7
4345.7
4345.7
4340.0
4340.0
4337.1
4322.9
4303.1
4302.2
4302.2
4302.2
4302.2
4302.2
4289.9
4289.9
4289.9
4289.9
4273.7
4273.7
4273.3
4273.3
4267.0
4264.8
4264.8
4264.8
4264.8
4264.8
4264.8
4264.8
4264.8
4251.4
4251.4
4248.6
4247.5
4247.5
4204.6
4204.6
4204.6
4204.6
4204.6
4167.5
4167.5
4167.5
4167.5
4167.5
4167.5
4167.5
4167.5
4099.8
4099.8
4099.3
4082.1
4082.1
4082.1
4082.1
4080.6
4080.6
4080.6
4077.2
4077.2
4077.2
4077.2
4012.1
4012.1
4012.1
3958.0
3958.0
3958.0
3958.0
3920.1
3920.1
3920.1
3920.1
3886.3
3886.3
3886.3
3879.7
3879.7
3879.7
3879.7
3870.5
3870.5
3870.5
3870.5
3870.5
3870.5
3870.5
3870.5
3870.5
3869.2
3869.2
3869.2
3869.2
3869.2
3869.2
3869.2
3846.5
3823.1
3753.0
3753.0
3713.3
3713.3
3713.3
3713.3
3706.6
3706.6
3706.6
3706.6
3706.6
3706.6
3706.6
3706.6
3706.6
3706.6
3706.6
3700.7
3700.7
3700.7
3700.7
3700.7
3700.7
3700.7
3691.5
3691.5
3691.5
3691.5
3691.5
3691.5
3691.5
3691.5
3691.5
3691.5
3691.5
3691.5
3691.5
3689.1
3689.1
3678.2
3678.2
3678.2
3678.2
3678.2
3678.2
3678.2
3678.2
3678.2
3677.6
3677.6
3677.6
3677.6
3677.6
3677.6
3677.6
3677.6
3662.9
3625.3
3625.3
3625.3
3606.9
3576.5
3576.5
3576.5
3576.5
3576.5
3576.5
3566.4
3566.4
3557.4
3557.4
3557.4
3557.4
3557.4
3557.4
3526.4
3526.4
3526.4
3526.4
3526.4
3525.3
3525.3
3525.3
3511.3
3511.3
3511.3
3511.3
3511.3
3511.3
3511.3
3511.3
3443.3
3443.3
3443.3
3443.3
3443.3
3443.3
3443.3
3443.3
3430.2
3430.2
3430.2
3430.2
3430.2
3430.2
3430.2
3430.2
3430.2
3430.2
3430.2
3430.2
3422.9
3422.9
3422.9
3422.9
3422.9
3392.2
3392.2
3392.2
3359.1
3359.1
3359.1
3359.1
3356.9
3349.3
3349.3
3349.3
3349.3
3349.3
3349.3
3349.3
3344.5
3344.5
3344.5
3344.5
3339.0
3321.2
3321.2
3321.2
3321.2
3321.2
3321.2
3321.2
3321.2
3321.2
3314.1
3314.1
3314.1
3304.2
3304.2
3304.2
3304.2
3304.2
3304.2
3304.2
3304.2
3304.2
3304.2
3304.2
3298.5
3298.5
3249.4
3249.4
3249.4
3249.4
3249.4
3249.4
3249.4
3249.4
3249.4
3150.3
3150.3
3150.3
3150.3
3150.3
3150.3
3150.3
3150.3
3140.3
3140.3
3140.3
3139.9
3139.9
3139.9
3139.9
3139.9
3135.0
3135.0
3135.0
3135.0
3135.0
3135.0
3135.0
3135.0
3135.0
3135.0
3135.0
3132.1
3113.5
3113.5
3113.5
3113.5
3100.6
3070.5
3070.5
3041.1
3016.5
3016.5
3016.5
3016.5
3016.5
2997.5
2997.5
2997.5
2997.5
2997.5
2997.5
2997.5
2997.5
2997.5
2974.2
2974.2
2974.2
2969.5
2958.8
2958.8
2958.8
2958.8
2958.8
2958.8
2954.0
2954.0
2954.0
2954.0
2954.0
2954.0
2951.5
2951.5
2951.5
2951.5
2951.5
2932.1
2932.1
2932.1
2932.1
2925.2
2925.2
2925.2
2924.7
2913.0
2913.0
2913.0
2886.8
2886.8
2886.8
2886.8
2886.8
2886.8
2868.2
2868.2
2868.2
2868.2
2843.2
2828.4
2828.4
2828.4
2828.4
2816.9
2816.9
2816.9
2816.9
2816.9
2816.9
2816.9
2816.5
2816.5
2810.2
2810.2
2810.2
2810.2
2806.5
2806.5
2806.5
2806.5
2806.5
2806.5
2806.5
2806.5
2806.5
2806.5
2806.5
2806.5
2806.5
2806.5
2806.5
2806.5
2806.5
2804.5
2804.5
2804.5
2804.5
2794.7
2794.7
2794.7
2794.7
2794.7
2794.7
2794.7
2794.7
2794.7
2794.7
2794.7
2794.7
2794.7
2794.7
2794.7
2794.7
2792.3
2792.3
2792.3
2735.1
2699.2
2699.2
2699.2
2697.8
2695.7
2695.5
2695.5
2695.5
2695.5
2695.5
2695.5
2695.5
2695.5
2689.1
2689.1
2689.1
2689.1
2689.1
2689.1
2689.1
2689.1
2689.1
2685.3
2678.3
2678.3
2678.3
2678.3
2678.3
2678.3
2678.3
2678.3
2678.3
2678.3
2678.3
2676.3
2676.3
2676.3
2676.3
2676.3
2676.3
2676.3
2676.3
2662.1
2600.3
2600.3
2600.3
2600.3
2600.3
2600.3
2600.3
2600.3
2587.8
2587.8
2587.8
2587.8
2587.8
2587.8
2587.8
2587.8
2587.8
2587.8
2587.8
2587.8
2587.8
2587.8
2587.8
2587.8
2587.8
2587.8
2587.8
2587.8
2587.8
2575.4
2575.4
2575.4
2575.4
2575.4
2575.4
2570.1
2570.1
2557.4
2557.4
2557.4
2557.4
2557.4
2557.4
2557.4
2557.4
2557.4
2556.2
2556.2
2556.2
2556.2
2556.2
2556.2
2556.2
2556.2
2556.2
2556.2
2556.2
2556.2
2556.2
2556.2
2556.2
2556.2
2556.2
2554.5
2554.5
2554.5
2554.5
2554.5
2554.5
2554.5
2554.5
2554.5
2554.5
2554.5
2554.5
2554.5
2514.1
2507.4
2507.4
2507.4
2507.4
2505.4
2505.4
2505.4
2505.4
2505.4
2505.4
2505.4
2505.4
2505.4
2505.4
2505.4
2504.8
2504.8
2504.8
2504.8
2504.8
2504.8
2504.8
2504.8
2504.8
2504.8
2494.2
2494.2
2494.2
2494.2
2494.2
2494.2
2494.2
2494.2
2494.2
2494.2
2494.2
2491.0
2491.0
2491.0
2491.0
2491.0
2491.0
2491.0
2491.0
2491.0
2491.0
2491.0
2491.0
2491.0
2491.0
2491.0
2491.0
2491.0
2491.0
2491.0
2491.0
2491.0
2478.6
2478.6
2478.6
2478.6
2470.3
2470.3
2470.3
2470.3
2470.3
2470.3
2470.3
2470.3
2466.5
2466.5
2466.5
2451.6
2451.6
2451.6
2451.6
2451.6
2451.6
2451.6
2451.6
2451.6
2451.6
2451.6
2451.6
2451.6
2451.6
2451.6
2406.3
2400.0
2400.0
2395.5
2395.5
2395.5
2395.5
2395.5
2395.5
2395.5
2395.5
2395.5
2395.5
2395.5
2395.5
2395.5
2395.5
2395.5
2395.5
2395.5
2362.5
2357.4
2357.4
2357.4
2357.4
2357.4
2357.4
2357.4
2357.4
2325.4
2325.4
2325.4
2325.4
2325.4
2325.4
2325.4
2325.4
2325.4
2325.4
2325.4
2325.4
2325.4
2325.4
2325.4
2325.4
2325.4
2325.4
2325.4
2325.4
2294.9
2294.9
2294.9
2294.9
2294.9
2294.9
2287.4
2287.4
2287.4
2287.4
2287.4
2287.4
2287.4
2287.4
2287.4
2287.4
2287.4
2287.4
2287.4
2287.4
2287.4
2287.4
2287.4
2287.4
2287.4
2286.5
2286.5
2286.5
2286.5
2286.5
2286.5
2286.5
2286.5
2286.5
2286.5
2286.5
2286.5
2286.5
2286.5
2286.5
2282.5
2282.5
2282.5
2282.5
2282.5
2282.5
2282.5
2282.5
2282.5
2282.5
2282.5
2282.5
2282.5
2282.5
2282.5
2282.5
2282.5
2282.5
2282.5
2279.8
2279.8
2279.8
2279.8
2279.7
2279.7
2279.7
2279.7
2279.7
2279.7
2279.7
2279.7
2223.9
2223.9
2223.9
2223.9
2223.9
2223.9
2223.9
2223.9
2223.9
2223.9
2223.9
2204.9
2204.9
2204.9
2204.9
2204.9
2204.9
2204.9
2204.9
2204.9
2204.9
2204.9
2204.9
2204.9
2204.9
2204.9
2204.9
2204.9
2200.6
2200.6
2200.6
2200.6
2200.6
2200.6
2200.6
2192.5
2192.5
2192.5
2192.5
2192.5
2179.8
2179.8
2179.8
2179.8
2179.8
2179.8
2179.8
2177.7
2177.7
2177.7
2177.7
2177.7
2177.7
2177.7
2177.7
2177.7
2177.7
2177.7
2177.7
2177.7
2177.7
2177.7
2177.7
2177.7
2177.7
2177.7
2177.7
2177.7
2177.7
2177.7
2177.7
2177.7
2177.7
2173.4
2173.4
2173.4
2173.4
2170.9
2170.9
2170.9
2170.9
2170.9
2170.2
2170.2
2170.2
2170.2
2168.2
2168.2
2168.2
2168.2
2168.2
2168.2
2168.2
2168.2
2168.2
2168.2
2168.2
2168.2
2168.2
2168.2
2168.2
2168.2
2168.2
2168.2
2168.2
2168.2
2168.2
2168.2
2168.2
2168.2
2168.2
2168.2
2168.2
2168.2
2168.2
2168.2
2168.2
2168.2
2168.2
2168.2
2168.2
2168.2
2168.2
2168.2
2168.2
2168.2
2168.2
2168.2
2168.2
2168.2
2168.2
2168.2
2168.2
2168.2
2168.2
2151.0
2151.0
2151.0
2151.0
2151.0
2151.0
2151.0
2121.6
2121.6
2121.6
2121.6
2121.6
2121.6
2121.6
2121.6
2121.6
2104.7
2104.7
2104.7
2104.7
2104.7
2104.7
2104.7
2090.3
2090.3
2090.3
2090.3
2090.3
2090.3
2090.3
2090.3
2090.3
2090.3
2090.3
2090.3
2090.3
2090.3
2090.3
2090.3
2090.3
2090.3
2090.3
2090.3
2090.3
2090.3
2090.3
2090.3
2090.3
2090.3
2090.3
2090.3
2090.3
2090.3
2090.3
2090.3
2090.3
2090.3
2090.3
2090.3
2090.3
2090.3
2090.3
2090.3
2069.2
2069.2
2069.2
2069.2
2069.2
2055.8
2055.8
2053.7
2053.7
2053.7
2053.7
2053.7
2053.7
2053.7
2053.7
2053.7
2048.1
2029.4
2029.4
2029.4
2029.4
2029.4
2029.4
2029.4
2029.4
2029.4
2029.4
2029.4
2029.4
2029.4
2029.4
2029.4
2029.4
2029.4
2029.4
2029.4
2029.4
2029.4
2029.4
2029.4
2029.4
2029.4
2029.4
2029.4
2029.4
2004.2
2004.2
2004.2
2004.2
2004.2
2004.2
2004.2
2004.2
2004.2
2004.2
2004.2
2004.2
2004.2
2004.2
2004.2
2004.2
2004.2
2004.2
2004.2
2004.2
2004.2
2004.2
2004.2
2004.2
2004.2
2004.2
2004.2
2004.2
2003.9
2003.9
2003.9
2003.9
2003.9
2003.9
2003.9
2003.9
2003.9
2003.9
2003.9
2003.9
2003.9
2003.9
2003.9
2003.9
2003.9
2003.9
2003.9
2003.9
2003.9
1991.2
1991.2
1991.2
1991.2
1991.2
1991.2
1991.2
1991.2
1991.2
1991.2
1991.2
1991.2
1935.5
1935.5
1935.5
1935.5
1935.5
1935.5
1935.5
1935.5
1935.5
1935.5
1935.5
1935.5
1935.5
1913.4
1913.4
1913.4
1913.4
1913.4
1913.4
1913.4
1913.4
1913.4
1913.4
1905.2
1905.2
1905.2
1905.2
1905.2
1905.2
1905.2
1905.2
1905.2
1905.2
1905.2
1905.2
1905.2
1905.2
1905.2
1905.2
1905.2
1905.2
1905.2
1905.2
1905.2
1905.2
1905.2
1905.2
1905.2
1905.2
1905.2
1905.2
1905.2
1905.2
1905.2
1905.2
1905.2
1905.2
1905.2
1905.2
1905.2
1905.2
1902.4
1902.4
1902.4
1902.4
1902.4
1902.4
1902.4
1902.3
1902.3
1902.3
1902.3
1902.3
1902.3
1902.3
1902.3
1902.3
1902.3
1902.3
1902.3
1902.3
1902.3
1902.3
1902.3
1902.3
1902.3
1902.3
1902.3
1902.3
1902.3
1902.3
1902.3
1902.3
1902.3
1902.3
1902.3
1902.3
1902.3
1902.3
1902.3
1902.3
1901.0
1901.0
1901.0
1901.0
1901.0
1901.0
1901.0
1901.0
1901.0
1900.1
1900.1
1900.1
1900.1
1900.1
1900.1
1900.1
1900.1
1900.1
1900.1
1892.6
1892.6
1892.6
1892.6
1892.6
1892.6
1892.6
1892.6
1892.6
1892.6
1892.6
1892.6
1892.6
1892.6
1866.0
1866.0
1866.0
1866.0
1861.8
1861.8
1861.8
1861.8
1861.8
1861.8
1861.8
1861.8
1861.8
1861.8
1861.8
1839.9
1839.9
1839.9
1839.9
1839.9
1839.9
1839.9
1839.9
1839.9
1839.9
1831.7
1831.7
1831.7
1831.7
1831.7
1823.0
1823.0
1823.0
1823.0
1823.0
1823.0
1823.0
1823.0
1823.0
1823.0
1823.0
1823.0
1823.0
1823.0
1823.0
1823.0
1823.0
1823.0
1823.0
1823.0
1823.0
1823.0
1823.0
1823.0
1823.0
1823.0
1823.0
1823.0
1823.0
1823.0
1823.0
1822.8
1822.8
1822.8
1822.8
1822.8
1822.8
1822.8
1822.8
1812.9
1812.9
1812.9
1812.9
1812.9
1812.9
1812.9
1808.9
1808.9
1808.9
1808.9
1808.9
1808.9
1808.9
1808.9
1808.9
1808.9
1808.9
1808.9
1808.9
1808.9
1808.9
1808.9
1808.9
1808.9
1808.9
1808.9
1808.9
1808.9
1808.9
1808.9
1808.9
1808.9
1808.9
1808.9
1808.9
1808.9
1808.9
1808.9
1808.9
1808.9
1808.9
1808.9
1808.9
1808.9
1808.9
1808.9
1808.9
1808.9
1808.9
1808.9
1808.9
1808.9
1808.9
1808.9
1808.9
1808.9
1808.9
1808.9
1808.9
1808.9
1808.9
1808.9
1808.9
1808.9
1808.9
1808.9
1808.9
1808.9
1808.9
1808.9
1808.9
1808.9
1808.9
1808.9
1808.9
1808.9
1808.9
1808.9
1808.9
1808.9
1808.9
1807.9
1807.9
1807.9
1807.9
1807.9
1807.9
1807.9
1807.9
1807.9
1807.9
1807.9
1807.9
1806.7
1806.7
1806.7
1806.7
1806.7
1806.7
1806.7
1806.7
1806.7
1806.7
1806.7
1806.7
1806.7
1806.7
1802.7
1802.7
1802.7
1802.7
1802.7
1802.7
1802.7
1802.7
1802.7
1798.4
1798.4
1798.4
1798.4
1798.4
1798.4
1798.4
1798.4
1798.4
1798.4
1798.4
1798.4
1798.4
1795.5
1795.5
1795.5
1795.5
1795.5
1795.5
1795.5
1795.5
1795.5
1795.5
1795.5
1795.5
1795.5
1795.5
1795.2
1795.2
1795.2
1795.2
1795.2
1795.2
1795.2
1795.2
1795.2
1795.2
1795.2
1795.2
1795.2
1795.2
1795.2
1795.2
1795.2
1795.2
1795.2
1795.2
1795.2
1795.2
1795.2
1795.2
1795.2
1795.2
1795.2
1795.2
1795.2
1795.2
1795.2
1775.9
1775.9
1775.9
1775.9
1775.9
1775.9
1775.9
1775.9
1775.9
1775.9
1775.9
1775.9
1775.9
1775.9
1775.9
1775.9
1775.9
1775.9
1775.9
1775.9
1775.9
1775.9
1775.9
1775.9
1775.9
1775.9
1775.9
1775.9
1775.9
1775.9
1775.9
1772.3
1772.3
1772.3
1772.3
1772.3
1772.3
1772.3
1772.3
1772.3
1772.3
1772.3
1772.3
1772.3
1772.3
1752.3
1752.3
1752.3
1752.3
1752.3
1752.3
1752.3
1752.3
1752.3
1752.3
1752.3
1752.3
1752.3
1752.3
1752.3
1752.3
1752.3
1752.3
1752.3
1752.3
1752.3
1752.3
1752.3
1752.3
1752.3
1752.3
1752.3
1752.3
1752.3
1752.3
1752.3
1752.3
1752.3
1752.3
1752.3
1752.3
1752.3
1752.3
1752.3
1752.3
1742.9
1742.9
1742.5
1742.5
1742.5
1742.5
1742.5
1742.5
1742.5
1742.5
1742.5
1742.5
1742.5
1742.5
1742.5
1742.5
1742.5
1742.5
1742.5
1742.5
1742.5
1742.5
1742.5
1742.5
1742.5
1742.5
1742.5
1742.5
1742.5
1742.5
1742.5
1742.5
1742.5
1742.5
1742.5
1742.5
1742.5
1742.5
1742.5
1742.5
1742.5
1742.5
1742.5
1742.5
1742.5
1742.5
1742.5
1742.5
1742.5
1742.5
1742.5
1742.5
1742.5
1742.5
1742.5
1742.5
1742.5
1742.5
1742.5
1742.5
1742.5
1742.5
1742.5
1742.5
1742.5
1742.5
1742.5
1742.5
1742.5
1740.4
1740.4
1740.4
1740.4
1740.4
1740.4
1740.4
1740.4
1740.4
1740.4
1740.4
1740.4
1739.1
1739.1
1739.1
1739.1
1739.1
1739.1
1739.1
1739.1
1739.1
1739.1
1739.1
1739.1
1739.1
1739.1
1739.1
1739.1
1739.1
1739.1
1739.1
1738.0
1738.0
1738.0
1738.0
1738.0
1738.0
1738.0
1738.0
1738.0
1738.0
1738.0
1738.0
1738.0
1738.0
1738.0
1738.0
1738.0
1738.0
1738.0
1738.0
1738.0
1738.0
1738.0
1738.0
1738.0
1738.0
1738.0
1738.0
1731.7
1731.7
1731.7
1731.7
1731.7
1731.7
1731.7
1731.7
1731.7
1731.7
1727.5
1727.5
1727.5
1727.5
1727.5
1727.4
1727.4
1727.4
1727.4
1727.4
1727.4
1727.4
1725.8
1725.8
1725.8
1725.8
1725.8
1725.8
1725.8
1725.8
1725.8
1725.8
1725.8
1725.8
1725.8
1725.8
1725.8
1725.8
1725.8
1725.8
1725.8
1709.4
1709.4
1709.4
1709.4
1709.4
1709.4
1709.4
1709.4
1709.4
1709.4
1709.4
1709.4
1709.4
1709.4
1709.4
1709.4
1709.4
1709.4
1709.4
1709.4
1709.4
1709.4
1709.4
1709.4
1703.2
1703.2
1703.2
1703.2
1703.2
1703.2
1703.2
1703.2
1703.2
1703.2
1703.2
1703.2
1703.2
1703.2
1703.2
1703.2
1703.2
1703.2
1703.2
1703.2
1703.2
1703.2
1703.2
1703.2
1703.2
1703.2
1703.2
1703.2
1703.2
1703.2
1703.2
1703.2
1703.2
1703.2
1703.2
1703.2
1703.2
1703.2
1703.2
1703.2
1703.2
1703.2
1703.2
1703.2
1703.2
1703.2
1703.2
1703.2
1703.2
1703.2
1703.2
1703.2
1703.2
1694.9
1694.9
1694.9
1694.9
1694.9
1694.9
1694.9
1694.9
1694.9
1694.9
1694.9
1694.9
1694.9
1694.9
1694.9
1694.9
1694.9
1694.9
1694.9
1694.9
1694.9
1694.9
1694.9
1694.9
1694.9
1694.9
1694.9
1694.9
1694.9
1694.9
1694.9
1694.9
1694.9
1694.9
1694.9
1694.9
1694.9
1694.9
1694.9
1694.9
1694.9
1694.9
1694.9
1694.9
1694.9
1694.9
1694.9
1694.9
1694.9
1694.9
1694.9
1694.9
1694.9
1694.9
1679.2
1679.2
1679.2
1679.2
1679.2
1679.2
1679.2
1679.2
1679.2
1679.2
1679.2
1679.2
1679.2
1679.2
1679.2
1679.2
1679.2
1679.2
1679.2
1679.2
1679.2
1679.2
1679.2
1679.2
1679.2
1679.2
1679.2
1679.2
1679.2
1679.2
1679.2
1674.3
1674.3
1674.3
1674.3
1674.3
1674.3
1674.3
1674.3
1674.3
1674.3
1674.3
1674.3
1674.3
1674.3
1674.3
1674.3
1674.3
1674.3
1674.3
1674.3
1674.3
1674.3
1674.3
1668.5
1668.5
1668.5
1668.5
1668.5
1668.5
1668.5
1668.5
1668.5
1668.5
1668.5
1668.5
1668.5
1668.5
1668.5
1668.5
1668.5
1655.1
1655.1
1655.1
1655.1
1655.1
1655.1
1655.1
1655.1
1655.1
1655.1
1652.7
1652.7
1652.7
1652.7
1652.7
1652.7
1652.7
1652.7
1652.7
1652.7
1652.7
1652.7
1652.7
1652.7
1652.7
1652.7
1652.7
1652.7
1652.7
1652.7
1652.7
1652.7
1652.7
1652.7
1652.7
1652.7
1652.7
1652.7
1652.7
1652.7
1652.7
1652.7
1652.7
1652.7
1652.7
1652.7
1652.7
1652.7
1652.7
1652.7
1652.7
1652.7
1652.7
1652.7
1652.7
1652.7
1652.7
1652.7
1652.7
1652.7
1652.7
1652.7
1652.7
1652.7
1652.7
1652.7
1652.7
1652.7
1652.7
1652.7
1652.7
1652.7
1652.7
1652.7
1652.7
1652.7
1652.7
1652.7
1652.7
1652.7
1652.7
1652.7
1652.7
1652.7
1652.7
1652.7
1652.7
1652.7
1614.3
1614.3
1597.0
1597.0
1597.0
1597.0
1597.0
1597.0
1594.0
1594.0
1594.0
1594.0
1594.0
1594.0
1594.0
1594.0
1594.0
1594.0
1594.0
1594.0
1594.0
1594.0
1594.0
1594.0
1594.0
1594.0
1594.0
1594.0
1594.0
1594.0
1594.0
1594.0
1594.0
1594.0
1594.0
1594.0
1594.0
1594.0
1594.0
1594.0
1594.0
1594.0
1594.0
1594.0
1594.0
1594.0
1594.0
1594.0
1594.0
1594.0
1594.0
1594.0
1594.0
1594.0
1594.0
1594.0
1594.0
1594.0
1594.0
1594.0
1594.0
1594.0
1594.0
1594.0
1594.0
1594.0
1594.0
1594.0
1594.0
1594.0
1594.0
1594.0
1594.0
1594.0
1594.0
1594.0
1594.0
1594.0
1594.0
1594.0
1594.0
1594.0
1594.0
1594.0
1594.0
1594.0
1594.0
1594.0
1594.0
1594.0
1594.0
1594.0
1594.0
1594.0
1594.0
1594.0
1594.0
1594.0
1594.0
1594.0
1594.0
1594.0
1594.0
1594.0
1594.0
1594.0
1594.0
1594.0
